[mikeneko.x]
profile-id = 4467117912
profile-pic = 177713509_1137711223391950_1725956744958046302_n.jpg
post-timestamp = 2025-12-21T09:01:17.000000+0000

[little_mayvi]
profile-id = 39845310259
profile-pic = 474914334_1602971523663770_5417264088709223883_n.jpg
post-timestamp = 2026-01-05T09:07:02.000000+0000

